97
0
1
2
3
4
5
6
7
8
9
10
11
12
13
14
15
16
17
18 D 0.5
19
20 D 0.5
21
23
24
25
26
27
28
29
30
31 D 0.7
32 D 1.8
33 D 1.4
34
35
36
37
38
39
40
41 D 1.2
42 D 0.3
43
44 D 1.0
45
46
47
48
49
50
51
52
53
54
55
56
57 D 0.2
58
59
60
61
62
63
64
65
66
67
68
69
70
71
72
73
74 D 2.0
75
76
77
78
79
80
81
82
83
84
85
86
87
88
89
90 C
91
92
93
94
95
96
22
0 1
1 2
2 3
3 4
4 5
5 6
6 7
7 8
8 9
9 10
10 11
11 12
12 13
14 15
14 13
15 16
16 17
17 18
18 19
19 20
21 20
21 22
22 23
23 24
25 26
24 25
26 27
27 28
28 29
29 30
30 31
31 32
32 33
33 34
34 35
35 36
36 37
37 38
38 0
39 0
39 38
39 1
39 40
1 40
40 2
41 40
41 2
3 41
42 41
42 3
42 4
42 43
43 5
4 43
44 43
6 44
5 44
45 44
45 6
45 7
45 46
46 8
7 46
46 9
10 46
46 47
45 77
77 47
47 11
47 10
47 48
48 77
44 77
77 76
76 44
76 43
76 75
78 76
78 49
12 49
48 12
49 13
49 50
51 50
51 52
52 53
53 54
15 53
53 16
15 52
52 14
14 51
51 13
50 79
42 75
75 74
41 74
74 73
73 40
73 72
72 39
72 71
71 37
71 70
70 69
68 69
68 36
69 64
78 79
56 20
56 19
56 18
56 21
56 55
57 22
58 22
58 23
58 59
59 23
59 24
59 60
60 25
60 61
26 61
53 83
82 83
82 52
81 51
81 82
80 81
80 50
79 80
79 92
79 75
74 79
92 91
74 91
91 90
90 72
90 89
89 70
89 88
88 95
95 96
96 93
96 92
96 90
89 96
95 87
93 94
92 80
93 80
94 86
87 62
88 63
27 63
83 84
60 83
84 59
57 56
57 58
85 58
54 85
85 55
17 55
62 27
86 61
62 61
62 86
94 87
94 81
86 82
54 16
66 30
31 66
32 66
33 66
34 67
67 33
67 66
29 65
65 66
67 65
68 67
64 28
65 64
68 64
64 63
69 88
70 36
87 63
48 78
71 39
84 85
