1000
0
1
2
3
4
5
6
7
8
9
10
11
12
13
14
15
16
17
18
19
20
21
22
23
24
25
26
27
28
29
30
31
32
33
34
35
36
37
38
39
40
41
42
43
44
45
46
47
48
49
50
51
52
53
54
55
56
57
58
59
60
61
62
63
64
65
66
67
68
69
70
71
72
73
74
75
76
77
78
79
80
81
82
83
84
85
86
87
88
89
90
91
92
93
94
95
96
97
98
99
100
101
102
103
104
105
106
107
108
109
110
111
112
113
114
115
116
117
118
119
120
121
122
123
124
125
126
127
128
129
130
131
132
133
134
135
136
137
138
139
140
141
142
143
144
145
146
147
148
149
150
151
152
153
154
155
156
157
158
159
160
161
162
163
164
165
166
167
168
169
170
171
172
173
174
175
176
177
178
179
180
181
182
183
184
185
186
187
188
189
190
191
192
193
194
195
196
197
198
199
200
201
202
203
204
205
206
207
208
209
210
211
212
213
214
215
216
217
218
219
220
221
222
223
224
225
226
227
228
229
230
231
232
233
234
235
236
237
238
239
240
241
242
243
244
245
246
247
248
249
250
251
252
253
254
255
256
257
258
259
260
261
262
263
264
265
266
267
268
269
270
271
272
273
274
275
276
277
278
279
280
281
282
283
284
285
286
287
288
289
290
291
292
293
294
295
296
297
298
299
300
301
302
303
304
305
306
307
308
309
310
311
312
313
314
315
316
317
318
319
320
321
322
323
324
325
326
327
328
329
330
331
332
333
334
335
336
337
338
339
340
341
342
343
344
345
346
347
348
349
350
351
352
353
354
355
356
357
358
359
360
361
362
363
364
365
366
367
368
369
370
371
372
373
374
375
376
377
378
379
380
381
382
383
384
385
386
387
388
389
390
391
392
393
394
395
396
397
398
399
400
401
402
403
404
405
406
407
408
409
410
411
412
413
414
415
416
417
418
419
420
421
422
423
424
425
426
427
428
429
430
431
432
433
434
435
436
437
438
439
440
441
442
443
444
445
446
447
448
449
450
451
452
453
454
455
456
457
458
459
460
461
462
463
464
465
466
467
468
469
470
471
472
473
474
475
476
477
478
479
480
481
482
483
484
485
486
487
488
489
490
491
492
493
494
495
496
497
498
499
500
501
502
503
504
505
506
507
508
509
510
511
512
513
514
515
516
517
518
519
520
521
522
523
524
525
526
527
528
529
530
531
532
533
534
535
536
537
538
539
540
541
542
543
544
545
546
547
548
549
550
551
552
553
554
555
556
557
558
559
560
561
562
563
564
565
566
567
568
569
570
571
572
573
574
575
576
577
578
579
580
581
582
583
584
585
586
587
588
589
590
591
592
593
594
595
596
597
598
599
600
601
602
603
604
605
606
607
608
609
610
611
612
613
614
615
616
617
618
619
620
621
622
623
624
625
626
627
628
629
630
631
632
633
634
635
636
637
638
639
640
641
642
643
644
645
646
647
648
649
650
651
652
653
654
655
656
657
658
659
660
661
662
663
664
665
666
667
668
669
670
671
672
673
674
675
676
677
678
679
680
681
682
683
684
685
686
687
688
689
690
691
692
693
694
695
696
697
698
699
700
701
702
703
704
705
706
707
708
709
710
711
712
713
714
715
716
717
718
719
720
721
722
723
724
725
726
727
728
729
730
731
732
733
734
735
736
737
738
739
740
741
742
743
744
745
746
747
748
749
750
751
752
753
754
755
756
757
758
759
760
761
762
763
764
765
766
767
768
769
770
771
772
773
774
775
776
777
778
779
780
781
782
783
784
785
786
787
788
789
790
791
792
793
794
795
796
797
798
799
800
801
802
803
804
805
806
807
808
809
810
811
812
813
814
815
816
817
818
819
820
821
822
823
824
825
826
827
828
829
830
831
832
833
834
835
836
837
838
839
840
841
842
843
844
845
846
847
848
849
850
851
852
853
854
855
856
857
858
859
860
861
862
863
864
865
866
867
868
869
870
871
872
873
874
875
876
877
878
879
880
881
882
883
884
885
886
887
888
889
890
891
892
893
894
895
896
897
898
899
900
901
902
903
904
905
906
907
908
909
910
911
912
913
914
915
916
917
918
919
920
921
922
923
924
925
926
927
928
929
930
931
932
933
934
935
936
937
938
939
940
941
942
943
944
945
946
947
948
949
950
951
952
953
954
955
956
957
958
959
960
961
962
963
964
965
966
967
968
969
970
971
972
973
974
975
976
977
978
979
980
981
982
983
984
985
986
987
988
989
990
991
992
993
994
995
996
997
998
999
0 346
2 122
3 334
4 811
5 802
5 643
5 395
5 140
5 144
5 593
5 922
5 794
5 890
6 724
7 874
9 13
10 827
11 104
12 214
13 928
14 324
15 711
15 488
15 953
15 784
15 49
15 755
15 631
15 89
15 27
16 807
17 308
18 836
19 556
20 346
21 291
21 424
21 106
21 77
21 717
21 975
21 565
21 215
21 923
24 638
25 698
26 740
27 89
28 96
28 71
28 872
28 396
28 301
28 819
28 22
28 313
28 188
29 721
30 419
31 101
32 401
33 118
34 227
35 699
36 936
37 195
39 346
40 491
41 275
42 273
43 186
44 834
47 35
47 549
47 987
47 616
47 970
47 76
47 823
47 699
47 991
48 582
49 953
50 866
51 865
52 728
53 289
54 207
55 50
56 237
58 816
59 814
60 224
60 965
60 460
60 82
60 595
60 148
60 246
60 888
60 671
61 495
62 644
63 473
64 834
65 338
66 553
67 672
68 703
69 91
70 439
71 872
72 900
73 25
74 490
75 744
76 823
78 226
78 196
78 228
78 164
78 655
78 976
78 497
78 688
78 917
79 465
80 604
83 768
83 904
83 744
83 585
83 75
83 208
83 117
83 566
83 503
84 930
84 839
84 873
84 842
84 554
84 716
84 686
84 508
84 319
85 272
86 695
87 44
88 409
89 953
90 439
92 504
93 293
94 506
96 71
97 44
98 778
99 897
100 609
100 961
100 710
100 271
100 817
100 822
100 855
100 476
100 381
103 241
104 149
106 975
107 262
108 264
109 454
110 576
110 897
110 770
110 99
110 101
110 870
110 907
110 316
110 31
112 955
113 34
114 322
116 176
117 585
118 87
119 249
120 721
121 575
123 858
124 638
125 344
126 681
127 134
127 171
127 557
127 398
127 751
127 882
127 596
127 278
127 472
128 268
129 736
129 295
129 651
129 750
129 238
129 436
129 758
129 726
129 669
130 249
131 723
132 645
133 765
134 557
135 242
136 433
137 274
138 860
139 499
140 144
142 464
143 332
144 922
148 595
149 891
150 795
151 555
153 200
154 878
155 242
157 574
159 635
160 512
160 801
160 642
160 325
160 901
160 357
160 207
160 54
160 632
161 909
162 921
163 623
164 655
165 326
166 613
169 519
170 879
171 278
172 515
172 938
172 314
172 46
172 528
172 722
172 442
172 539
172 190
173 618
173 363
173 493
173 142
173 798
173 464
173 222
173 414
173 863
174 438
177 521
179 203
180 499
181 733
182 921
183 417
184 389
185 53
186 859
188 301
189 519
190 528
191 1
192 990
193 883
194 239
195 706
196 917
197 244
198 816
199 91
200 885
201 40
202 128
204 878
205 426
206 247
207 642
208 117
210 453
211 693
212 277
214 343
215 424
216 411
217 121
219 944
220 415
222 464
223 358
224 82
225 123
226 917
227 602
228 688
229 310
230 310
231 601
232 955
233 312
233 579
233 647
233 552
233 457
233 234
233 952
233 796
233 797
234 952
235 344
236 626
237 542
238 726
239 534
241 696
244 871
245 698
246 965
247 147
248 520
250 91
251 577
251 293
251 38
251 272
251 85
251 311
251 221
251 761
251 93
252 128
252 713
252 202
252 523
252 428
252 781
252 268
252 335
252 563
253 112
254 605
255 803
256 779
257 484
258 564
259 111
260 929
260 73
260 432
260 403
260 245
260 25
260 698
260 892
260 445
261 1
262 380
263 151
264 51
265 772
265 297
265 170
265 495
265 879
265 530
265 441
265 61
265 606
266 724
269 352
269 133
269 327
269 584
269 237
269 400
269 56
269 765
269 542
270 465
271 381
273 945
274 905
275 667
276 808
277 109
278 134
279 915
282 504
283 206
284 324
285 640
285 3
285 389
285 614
285 685
285 334
285 184
285 218
285 956
286 362
287 771
287 359
287 748
287 368
287 785
287 759
287 152
287 95
287 447
288 409
289 24
290 913
292 380
294 153
296 348
297 772
298 392
301 872
303 66
303 104
303 553
303 11
303 734
303 149
303 891
303 924
303 350
304 132
304 645
304 808
304 617
304 690
304 276
304 634
304 157
304 574
305 68
305 42
305 273
305 945
305 211
305 703
305 693
305 635
305 159
306 225
306 833
306 741
306 805
306 968
306 347
306 852
306 858
306 123
307 205
308 844
309 866
311 221
312 457
313 96
315 597
316 99
317 421
318 908
319 873
320 928
320 803
320 167
320 9
320 13
320 399
320 537
320 666
320 255
321 707
321 582
321 137
321 905
321 556
321 48
321 498
321 19
321 274
322 475
323 64
323 33
323 834
323 97
323 44
323 592
323 949
323 118
323 87
325 512
326 141
327 542
329 24
330 578
330 36
330 936
330 844
330 17
330 23
330 789
330 308
330 727
331 369
332 88
333 390
334 389
335 713
336 247
337 507
338 29
339 65
339 933
339 743
339 721
339 338
339 29
339 120
339 732
339 349
340 451
340 388
340 41
340 684
340 275
340 756
340 667
340 605
340 254
341 162
341 517
341 650
341 587
341 908
341 754
341 182
341 921
341 318
343 763
347 852
348 107
349 721
350 891
351 696
352 133
353 680
354 676
354 102
354 231
354 362
354 468
354 983
354 568
354 601
354 286
355 742
356 998
357 642
358 158
359 152
360 502
361 194
362 102
363 414
364 545
364 478
364 391
364 937
364 653
364 176
364 116
364 861
364 766
365 583
366 954
367 121
367 2
367 518
367 526
367 243
367 437
367 217
367 122
367 575
368 748
369 877
370 864
370 289
370 329
370 787
370 53
370 24
370 185
370 124
370 638
371 459
372 608
374 825
377 602
379 534
380 374
382 868
383 648
384 524
385 777
386 984
387 591
388 254
389 614
390 209
393 580
394 811
395 802
396 71
397 658
398 134
399 13
400 352
401 849
402 848
403 25
404 288
404 131
404 332
404 143
404 723
404 915
404 279
404 88
404 409
405 344
406 156
407 372
409 915
410 240
411 259
412 481
412 673
412 163
412 168
412 236
412 911
412 623
412 626
412 792
413 290
414 618
416 641
416 4
416 358
416 394
416 811
416 982
416 376
416 158
416 223
417 119
418 675
418 836
418 613
418 166
418 775
418 783
418 18
418 444
418 927
420 560
421 369
422 108
423 963
424 106
425 656
426 697
427 832
428 268
429 415
430 111
431 514
431 648
431 715
431 240
431 881
431 628
431 410
431 636
431 383
432 892
433 422
434 192
435 939
436 750
437 121
438 780
440 453
441 495
442 515
443 473
444 783
445 698
446 994
446 837
446 646
446 935
446 12
446 946
446 214
446 343
446 763
447 771
448 790
449 611
449 621
449 206
449 336
449 753
449 147
449 247
449 283
449 959
450 465
451 275
452 529
453 407
454 737
455 583
456 156
457 234
458 790
459 91
460 148
461 70
462 835
463 868
463 485
463 902
463 516
463 840
463 940
463 532
463 599
463 382
464 618
465 962
466 812
467 850
468 231
469 544
469 420
469 910
469 558
469 560
469 145
469 887
469 985
469 603
470 806
470 583
470 455
470 365
470 782
470 951
470 760
470 541
470 926
471 193
471 386
471 551
471 718
471 847
471 883
471 820
471 984
471 729
474 899
474 7
474 874
474 780
474 174
474 980
474 438
474 342
474 665
475 538
477 629
478 937
479 203
480 259
480 649
480 430
480 111
480 52
480 535
480 728
480 411
480 216
482 355
482 324
482 742
482 679
482 14
482 594
482 851
482 284
482 540
484 322
485 840
486 857
487 730
488 631
489 115
490 300
492 826
493 414
494 153
495 530
496 92
498 582
501 235
503 904
504 524
505 939
506 705
508 930
509 385
509 773
509 777
509 267
509 619
509 689
509 818
509 660
509 280
510 115
511 854
513 942
514 715
515 938
516 599
517 162
520 203
521 931
522 309
523 563
525 999
526 217
528 722
529 502
530 879
531 581
532 868
533 417
533 130
533 548
533 119
533 854
533 183
533 536
533 249
533 511
535 430
536 130
537 167
538 948
539 528
541 951
542 133
543 919
546 141
547 34
547 227
547 419
547 105
547 875
547 113
547 377
547 602
547 30
548 511
549 991
550 832
550 867
550 615
550 427
550 876
550 178
550 947
550 919
550 543
551 847
552 457
553 350
554 716
555 828
556 498
557 882
558 887
559 944
561 139
562 971
562 589
562 429
562 373
562 86
562 695
562 793
562 220
562 415
564 989
565 424
566 208
567 294
568 231
569 300
570 37
571 229
571 230
571 776
571 426
571 205
571 307
571 662
571 310
571 697
572 932
575 526
576 99
577 761
578 844
579 647
580 519
582 707
583 806
584 327
585 744
586 114
587 162
588 492
589 415
590 604
591 849
592 64
593 395
594 324
595 671
596 751
597 375
598 948
599 532
600 499
603 910
604 745
605 667
607 835
607 70
607 135
607 461
607 462
607 242
607 439
607 90
607 155
608 687
609 710
610 944
611 283
612 32
612 387
612 740
612 591
612 849
612 401
612 979
612 345
612 26
613 18
615 947
616 823
617 574
618 798
619 280
620 893
621 283
622 581
622 390
622 425
622 333
622 302
622 656
622 209
622 531
622 958
624 331
625 865
625 422
625 264
625 136
625 108
625 433
625 51
625 187
625 702
627 79
628 514
629 709
630 258
630 103
630 807
630 16
630 241
630 564
630 696
630 989
630 351
631 755
632 325
633 942
634 157
635 42
637 730
638 185
639 885
640 614
642 325
643 395
644 745
645 276
646 994
647 234
648 514
649 111
650 587
651 736
652 672
652 67
652 708
652 932
652 681
652 150
652 795
652 572
652 126
654 192
655 228
656 333
657 896
657 610
657 8
657 812
657 559
657 944
657 466
657 694
657 219
658 353
660 280
660 689
661 369
663 0
664 490
666 9
667 41
668 492
669 238
670 378
671 460
672 932
673 623
675 166
676 362
677 294
677 200
677 494
677 978
677 895
677 885
677 567
677 153
677 639
678 253
679 540
680 659
681 150
682 674
682 580
682 519
682 169
682 393
682 527
682 720
682 146
682 189
683 737
683 98
683 454
683 999
683 778
683 525
683 109
683 212
683 277
684 605
686 839
687 372
689 280
690 132
691 898
691 69
691 199
691 138
691 459
691 371
691 250
691 91
691 860
692 257
692 322
692 484
692 586
692 114
692 948
692 598
692 538
692 475
693 945
695 429
696 807
697 205
698 403
699 991
700 37
701 235
702 108
703 945
704 452
704 356
704 998
704 360
704 529
704 850
704 467
704 502
704 767
705 597
706 58
707 274
708 572
711 755
712 421
712 328
712 969
712 331
712 877
712 624
712 369
712 661
712 317
713 563
714 487
715 628
716 839
717 77
718 551
719 384
719 843
719 524
719 813
719 496
719 504
719 57
719 282
719 92
720 519
721 65
722 515
723 332
725 489
726 750
727 308
728 216
730 827
731 706
731 195
731 58
731 37
731 198
731 841
731 816
731 570
731 700
732 933
733 479
734 149
736 750
737 109
738 962
738 450
738 270
738 943
738 79
738 81
738 465
738 627
738 573
739 378
740 32
741 968
742 679
743 120
745 800
747 658
749 992
749 1
749 996
749 261
749 492
749 588
749 826
749 668
749 191
750 238
751 278
753 206
754 318
755 27
757 608
757 453
757 687
757 210
757 824
757 372
757 950
757 407
757 440
758 726
759 152
760 455
761 221
762 204
764 914
765 56
766 176
767 850
768 117
769 500
770 897
771 759
772 441
773 689
775 166
776 697
777 267
779 500
780 342
781 428
782 760
783 18
784 711
785 95
786 141
787 864
788 800
788 161
788 644
788 745
788 909
788 590
788 80
788 604
788 62
789 36
790 300
791 353
791 804
791 680
791 747
791 397
791 658
791 659
791 884
791 886
792 481
793 373
794 922
795 67
796 797
797 234
799 448
799 74
799 490
799 458
799 300
799 790
799 664
799 569
799 830
800 604
801 54
802 643
803 928
805 123
806 365
807 258
808 617
809 967
810 115
811 641
812 610
813 843
814 821
815 705
815 620
815 893
815 597
815 375
815 506
815 315
815 829
815 94
817 855
818 619
819 188
820 729
821 232
823 987
824 210
825 296
826 191
828 934
829 893
830 300
831 292
832 876
833 858
835 242
836 613
837 646
838 786
839 873
840 532
842 319
844 727
845 931
845 997
845 774
845 521
845 941
845 177
845 473
845 443
845 63
846 156
847 718
848 670
849 32
850 502
851 594
852 741
853 192
853 934
853 263
853 555
853 654
853 434
853 151
853 828
853 990
854 183
855 271
856 156
857 746
858 347
859 115
860 91
861 391
862 405
863 414
864 638
865 702
866 857
867 832
868 516
869 678
869 232
869 59
869 814
869 112
869 821
869 955
869 253
869 735
870 897
871 256
872 22
873 842
874 438
875 105
876 543
877 421
878 762
880 203
881 410
882 472
884 804
885 494
887 603
888 595
889 483
889 139
889 175
889 561
889 914
889 499
889 180
889 600
889 764
890 144
891 104
893 315
894 546
894 165
894 326
894 838
894 709
894 141
894 786
894 629
894 477
895 494
896 812
897 576
898 860
899 342
900 967
901 54
902 868
903 0
904 75
905 48
906 489
906 810
906 43
906 115
906 725
906 186
906 859
906 925
906 510
907 576
909 604
910 560
911 792
912 513
915 131
916 960
916 739
916 939
916 848
916 402
916 435
916 505
916 378
916 670
917 497
918 487
918 10
918 714
918 366
918 213
918 730
918 954
918 827
918 637
919 615
920 292
920 262
920 296
920 107
920 374
920 348
920 825
920 380
920 831
921 517
922 643
923 291
924 149
925 489
926 365
927 444
928 537
929 245
930 873
933 120
934 192
935 837
938 722
939 378
940 532
941 931
943 573
944 694
945 42
946 994
947 832
949 97
950 453
952 457
953 784
954 487
955 735
956 3
958 531
959 621
960 378
961 381
962 627
964 0
964 39
964 903
964 45
964 973
964 20
964 663
964 281
964 346
965 671
966 857
967 6
968 347
969 877
970 991
972 513
972 194
972 361
972 942
972 239
972 912
972 534
972 633
972 379
973 0
974 290
974 456
974 846
974 957
974 913
974 406
974 856
974 156
974 413
975 424
976 917
977 762
977 40
977 201
977 491
977 204
977 878
977 337
977 154
977 507
978 895
979 32
980 342
981 963
981 900
981 6
981 423
981 72
981 809
981 266
981 967
981 724
982 4
983 676
984 193
985 145
986 866
986 486
986 966
986 522
986 746
986 50
986 309
986 55
986 857
987 616
988 256
988 769
988 197
988 871
988 392
988 298
988 779
988 244
988 500
989 16
990 654
992 826
993 408
993 701
993 235
993 299
993 501
993 405
993 344
993 125
993 862
994 343
995 520
995 203
995 752
995 880
995 179
995 181
995 248
995 733
995 479
996 191
997 521
998 360
999 454
